L1,542839.7890,3009539.6170,250.2370
L2,542836.0000,3009454.3750,250.1720
L2,542847.9180,3009478.0770,250.1720
L3,542815.0670,3009473.6720,250.1920
L4,542811.9160,3009535.9250,250.1750
L5,542802.8810,3009534.5500,249.9330
L6,542788.7080,3009532.7760,249.8750
L7,542792.6450,3009503.0570,249.9460
L8,542708.6010,3009491.8720,249.9550
L9,542704.4160,3009521.5670,249.8540
L10,542683.4370,3009518.8280,249.8750
L11,542677.2480,3009517.9500,249.8790
L12,542653.5530,3009514.7770,249.9590
L13,542653.8900,3009510.5830,249.9840
L14,542654.6950,3009505.1720,249.9140
L15,542661.9350,3009453.4550,250.0160
L16,542694.8360,3009457.9210,249.9400
L17,542698.9500,3009428.1820,249.9650
L18,542730.8860,3009432.2100,249.9550
L19,542741.0320,3009433.5500,249.9680
L20,542798.6540,3009441.1360,249.9820
L21,542806.6300,3009442.3370,249.9550
L22,542818.8720,3009444.0160,249.9870
L23,542818.3560,3009447.6690,250.0020
L24,542810.0620,3009546.5900,249.7150
L25,542809.3950,3009550.0220,247.9430
L26,542838.0960,3009555.4900,247.9680
L27,542838.8780,3009551.8630,249.6700
L28,542843.8520,3009552.9410,249.7440
L29,542843.0930,3009556.3250,248.9090
L30,542824.3430,3009656.3520,247.9070
L31,542822.5950,3009656.0280,247.8990
L32,542822.3620,3009655.9990,247.9080
L33,542818.5130,3009676.3130,247.8930
L34,542820.4310,3009676.7080,247.9540
L35,542819.6840,3009680.7500,247.8990
L36,542812.5450,3009718.0790,247.9160
L37,542773.7480,3009712.6470,247.8760
L38,542780.9780,3009673.4130,247.9060
L39,542768.6650,3009712.4000,247.9750
L40,542769.5840,3009706.5220,248.0070
L42,542763.7800,3009705.4060,246.0700
L43,542777.1100,3009672.1650,247.9710
L44,542778.0360,3009672.3640,247.9300
L45,542799.9080,3009558.6330,247.9370
L46,542798.8400,3009558.4000,247.9510
L48,542800.6900,3009548.2380,248.0270
L49,542801.2510,3009544.0960,249.6510
L50,542792.8830,3009556.4840,246.1430
L51,542788.3420,3009555.1350,243.9080
L52,542789.8740,3009550.2190,244.2470
L53,542780.6450,3009548.5360,243.9480
L54,542777.9090,3009554.5060,243.8840
L55,542772.9680,3009583.9410,243.8860
L56,542734.6950,3009539.2250,243.8810
L57,542735.4750,3009529.1660,243.9060
L58,542705.0650,3009540.5290,243.8750
L59,542692.1980,3009538.0320,243.9340
L60,542704.5330,3009533.5880,246.0200
L61,542733.4630,3009523.4980,245.9790
L62,542698.7840,3009569.2540,243.9120
L63,542684.2300,3009645.0050,243.8630
L65,542678.3080,3009688.5470,246.0430
L66,542708.4720,3009708.1320,245.9590
L67,542732.6740,3009708.2390,246.0820
L68,542747.4110,3009711.5200,246.0390
L69,542764.6570,3009695.0170,243.9340
L70,542759.6360,3009704.5730,243.9240
L72,542751.3800,3009692.2190,243.9250
L73,542757.6130,3009663.6360,243.9240
L74,542713.8670,3009692.7790,243.8980
L75,542710.4340,3009702.5990,243.8600
L76,542678.2940,3009678.5560,243.8290
L77,542665.3350,3009675.9210,243.8930
L78,542658.3600,3009675.4830,244.1070
L79,542657.1360,3009680.6640,244.2720
L80,542682.8690,3009520.1490,249.8430
L81,542678.6500,3009518.9770,249.9200
L82,542677.7300,3009519.8360,249.8340
L83,542652.9770,3009516.5070,249.9240
L84,542653.2470,3009510.3240,249.9840
L85,542649.7790,3009509.9420,249.9830
L86,542645.6520,3009509.5740,251.0680
L87,542641.6290,3009508.9360,251.1490
L88,542648.7830,3009516.1140,248.0710
L89,542643.7820,3009515.7500,248.0280
L90,542675.9320,3009520.0090,248.0070
L91,542677.5410,3009527.5500,248.0580
L92,542675.9170,3009534.6860,247.9550
L93,542674.4560,3009534.5860,247.9930
L94,542670.9250,3009548.1540,248.0070
L95,542675.8420,3009549.6660,247.9350
L96,542675.4430,3009551.9410,247.9300
L97,542673.0590,3009551.3770,247.9790
L98,542664.6430,3009572.5770,247.9900
L99,542668.6780,3009573.7160,247.9250
L100,542671.0950,3009574.1750,247.8740
L101,542670.6760,3009576.4290,247.8520
L102,542668.3850,3009576.0280,247.9510
L103,542660.3800,3009588.8840,247.8300
L104,542665.4710,3009590.2880,247.7650
L105,542665.4760,3009591.1920,247.9640
L106,542660.8670,3009590.2690,247.8860
L107,542659.9480,3009590.4000,247.8480
L108,542654.0050,3009613.2210,247.7240
L109,542656.1130,3009615.5130,247.9570
L110,542633.1130,3009607.8870,247.8640
L111,542632.7390,3009609.5190,247.8950
L112,542631.8970,3009607.6500,247.9470
L113,542631.4660,3009609.1860,248.0450
L114,542620.6770,3009604.6450,248.1710
L115,542624.2740,3009607.3600,247.7250
L116,542623.4650,3009610.5300,247.7660
L117,542619.9820,3009606.3940,249.4280
L118,542618.9520,3009609.3700,249.1020
L119,542616.8310,3009605.4960,249.3690
L120,542616.4550,3009605.1370,249.4060
L121,542616.4480,3009604.6940,249.4370
L122,542615.2450,3009609.1900,249.3720
L123,542615.3420,3009608.8630,249.3910
L124,542615.9970,3009608.6680,249.4010
L125,542667.9680,3009591.9830,247.3130
L126,542672.5390,3009592.8580,246.9670
L127,542667.8920,3009617.3110,246.8930
L128,542663.2980,3009616.5000,247.2930
L129,542677.1260,3009588.8950,243.9460
L130,542677.9720,3009584.4340,244.0010
L131,542676.3640,3009584.0640,243.8900
L132,542685.6300,3009536.6380,244.0790
L133,542686.7770,3009530.4480,244.2320
L134,542683.7330,3009536.1290,244.8570
L135,542683.2500,3009529.5840,245.4860
L136,542670.9700,3009547.8740,247.9010
L137,542671.4820,3009548.6930,247.9790
L138,542670.9840,3009551.0020,248.0020
L139,542670.1620,3009551.1190,247.9720
L140,542669.9870,3009551.5800,247.9670
L141,542665.7060,3009573.1700,247.9550
L142,542665.1030,3009572.9170,247.9920
L143,542664.5640,3009575.4730,247.9300
L144,542665.2080,3009575.4690,247.9290
L145,542663.8670,3009575.5590,247.9440
L146,542680.0880,3009525.2410,248.5550
L147,542677.3720,3009520.1400,248.5480
L148,542682.0680,3009521.8230,249.3230
L150,542641.9880,3009509.2620,251.1590
L151,542639.6980,3009521.2830,251.2280
L152,542637.0180,3009529.4670,250.8070
L152,542641.9930,3009509.2510,251.1660
L153,542628.9770,3009560.4610,250.2560
L154,542620.0490,3009594.7110,249.7370
L155,542618.6630,3009603.1690,249.8830
L156,542615.9530,3009609.7840,249.5620
L157,542611.3440,3009627.8500,249.2290
L158,542602.8530,3009660.8090,248.7900
L159,542601.5060,3009662.5220,248.6180
L160,542604.3120,3009665.2630,248.5340
L161,542598.8200,3009672.6920,248.4380
L162,542600.6590,3009671.9180,248.4410
L163,542603.3580,3009671.0860,248.5290
L164,542632.6500,3009670.2290,248.1050
L165,542636.6260,3009671.0060,247.9230
L166,542649.5920,3009672.6510,247.9740
L167,542649.0270,3009661.4540,247.7840
L168,542651.6570,3009661.8790,247.6660
L169,542649.7100,3009657.7760,247.7450
L170,542657.1700,3009619.1920,247.7720
L171,542660.2760,3009617.3640,247.8360
L172,542667.8180,3009618.8800,243.8230
L173,542595.2800,3009684.5180,248.3180
L174,542596.3580,3009685.2630,248.4330
L175,542590.8370,3009704.4460,248.2060
L176,542588.3900,3009711.4400,248.0660
L177,542588.6060,3009715.2560,248.2270
L178,542586.6070,3009719.4780,247.9840
L179,542590.8830,3009723.1250,247.9040
L180,542583.2620,3009732.8840,247.9060
L181,542588.2770,3009731.3620,247.8860
L182,542604.1770,3009734.3580,247.7990
L183,542607.1870,3009726.7350,247.8900
L184,542587.5220,3009719.5020,248.0400
L185,542621.4040,3009738.5910,247.8150
L186,542659.1900,3009746.5530,247.7860
L187,542680.9230,3009742.5780,248.0640
L188,542686.1420,3009743.3810,248.0650
L189,542694.8780,3009753.8770,248.0910
L190,542723.9200,3009759.4060,248.1300
L191,542721.2450,3009758.6660,248.1870
L192,542727.0940,3009762.3570,248.1000
L193,542729.4180,3009767.1090,247.7980
L194,542737.6900,3009769.0890,247.7860
L195,542748.0440,3009762.5930,248.6680
L196,542731.0540,3009752.4500,248.2360
L197,542738.2660,3009753.6680,248.2820
L198,542770.7710,3009755.7430,249.8450
L199,542772.3470,3009751.6790,250.4200
L200,542774.3230,3009773.5350,249.9110
L200,542766.4030,3009772.7850,249.9110
L200,542768.9090,3009763.7020,249.9110
L201,542775.3980,3009764.1280,250.0900
L202,542569.2040,3009716.2070,247.9700
L203,542563.9980,3009717.5460,247.8820
L204,542561.9060,3009725.8070,495.7460
L204,542561.9060,3009725.8070,495.7460
L204,542561.9060,3009725.8070,247.8730
L205,542566.1260,3009727.7700,247.9170
L206,542569.8340,3009710.9440,248.1280
L207,542571.8680,3009707.8340,248.0390
L208,542571.4250,3009704.7790,248.2780
L209,542577.6540,3009680.5180,248.4010
L210,542579.2160,3009679.4570,248.2650
L211,542583.9240,3009656.7290,248.6640
L212,542592.6790,3009623.7070,249.2420
L213,542593.6220,3009622.1670,249.2230
L214,542592.8530,3009620.2890,249.3230
L215,542601.2800,3009589.9370,249.7990
L216,542609.8610,3009559.7340,250.2360
L217,542610.1720,3009556.0760,250.3010
L218,542611.9540,3009550.0470,250.3200
L219,542618.2450,3009524.8730,250.9300
L220,542627.1810,3009490.9370,251.7340
L221,542643.0260,3009503.5710,251.2040
L222,542645.6070,3009496.3140,251.3980
L223,542654.2120,3009464.3580,251.8180
L224,542634.1610,3009466.5930,251.6880
L225,542635.3200,3009459.9880,251.8290
L226,542638.1610,3009452.6580,251.7780
L227,542650.0240,3009428.7350,251.6580
L228,542659.6790,3009419.2780,251.9020
L229,542661.2520,3009418.3060,251.9270
L230,542668.4010,3009415.1990,251.8010
L231,542672.3150,3009413.4720,251.7900
L232,542680.9170,3009411.7670,251.6260
L233,542678.1210,3009408.8540,251.7000
L234,542730.5140,3009416.1440,250.1390
L235,542732.8800,3009413.7090,250.0930
L236,542731.6950,3009425.2760,250.0970
L237,542710.1370,3009423.9800,250.9740
L238,542704.0950,3009422.6990,250.9710
L239,542694.1840,3009424.0730,251.3500
L240,542696.2210,3009423.5980,251.3450